7395250353
7764175917
5993119278
6233394757
5512724394
2214589311
7817749307
7877964425
3137532517
7816719174
7806606647
5547788001
5937769224
7055099262
3387531414
6442638039
1739078667
6500982977
7040062020
7581067023
6467946959
2670651451
5304098613
6471076591
5822026464
3033752507
5889839587
6025759555
7880276859
1850436450
3704722372
6616452250
6198774314
5969471652
6172116448
3861674840
7876485958
7728745629
6753710379
1830058127
1938741001
6615819668
5958500930
6335331379
7877028082
2030112487
6911855977
5220308613
5573718413
6074654163
7787633272
7878199977
2194150272
6361174633
6528652270
7810683638
6025697827
2062355572
2286908003
5652632511
6128448918
7690708612
5679399630
7875436230
6541259555
1937236877
5297670040
7865951271
6579479488
6750628883
2371181200
7633665161
7724474872
7448292615
1244065834
5914099544
7726610093
5077825489
7881500427
6726611582
7801322009
5677786068
5556590381
2461381964
6140980818
1864197873
3262284775
5861820991
2655802825
6611715015
7741117532
5756404150
2532554510
6352657090
7537856672
5333924456
5509964643
6718953060
7538208840
3923808094
6094511889
2137161120
6564629398
3126228253
1748548681
3297973875
7794950625
6427033166
2865561790
7430476970
6469005251
2803301701
5216687978
6960734090
1241148864
6141891151
5831481714
6518626096
7807383327
5080678498
2675801331
6398544506
7806619969
5613518768
2643377963
7584275533
2814035907
5732131112
7435176677
7883355702
5598574734
2656274875
7634582743
7529799195
1703371307
5417421784
5232652597
6089134553
7811991773
7817307509
5590206942
2723063215
1110349944
6491880144
1586862910
1935847212
1006043663
7868306806
6626934496
7876385107
6600765351
2821674212
3647268000
7017597274
6065605568
1904947977
2102820875
5993398710
7840704187
1699432410
6903556454
2441228077
1881015955
6300348261
2212869385
6553885120
5341761974
6454490937
3119002971
7750066664
2216797355
5514146941
2343265447
5826182148
3730256351
2729162713
7798650793
1847900212
5094811304
6357347018
5622278567
2629140795
5260460976
2166592915
7813966390
5872398400
1834783273
7887938075
5808556480
2748606854
7868283775
5727611480
7879140253
7816603536
6372686323
6230497230
3674381415
6889892546
6301326553
5635374045
5211390596
1818087960
7872904380
1788905511
1103123315
2629476397
3202111700
1195201334
3303944375
5662639930
7876623207
5208603396
1705960475
7846140004
1743023794
7097052639
7868366396
5148374292
2090484467
5041841475
6980515632
2552491022
5289124734
7838010051
2810373291
7868785622
7878977457
7659597238
1676679984
2322616045
7792880089
6600332161
5472873347
7796806509
7812991143
1189465042
1897692105
5698446093
2775879371
3266943013
6454367876
7816978938
2247566725
2514745371
6338273044
6331317610
5263327893
5226326145
6161696320
5819340609
1698299691
7740720790
6615875695
5704056946
5042958097
2057817622
7872901943
1568061967
6810912632
6083646954
3310901145
1221532147
5238315108
1451813704
5342886148
2589226843
6189915676
6582842337
1650674685
6602313436
3421541842
1896635132
1824151961
1617746261
1810894940
7872351375
7613155879
6025851218
7504935411
7863128516
6765625219
6247268113
7745049728
2574231653
5033686911
7796156771
2918597115
1625937287
6255793650
5355559625
5932615196
6638889898
2825540457
7822020926
6343390846
7621260807
2639543255
5303797561
6612028861
7803075950
6033448226
5457420101
5213431657
2017113195
5259434254
2827205010
1012083070
3181813383
6613923184
6427347120
7763959723
6045856426
7865870924
2137721640
6020279419
5625254784
7828706823
5136115298
7836819692
2035192987
5491768665
6189713795
5527988289
7419577982
5187761084
7825631200
1635065207
7444812336
1198474965
7877754568
7749869241
1912923385
7807322074
5999727304
7822839326
6218163309
7042525289
7844141392
7701800350
6797339554
6499137849
3073217815
7876492599
