1015491493
2776761525
3527687082
3895107933
1562800575
1792157654
2728011814
5827568512
1047125861
1287656950
5941666753
2895759815
1355897414
5908247668
6364086533
1149665262
1504170392
5600345655
5986066272
1157539917
1596987345
3176105483
1665372060
1229607617
7816252934
7362321772
2197546765
1306293665
5619058130
1654888711
1229689043
2428139667
5148538440
1237389341
1057479665
1215636055
1304426924
1008375914
1198220993
1564617371
1642482194
5057328256
6343705644
1426776827
1322433575
1664463177
1644709497
1712295232
1400546183
1302507521
1283431191
6444840645
5296350094
1260946965
1273339435
1366411943
1653076903
1325414512
1699749651
1217330363
1110350990
7733093660
1656599057
6504099247
1173117595
6532119230
1692854357
1655947827
5657187994
1304552850
1400887105
2523256145
1099356991
1067775012
5480201571
5391596582
1047780631
7732976376
6226335615
1692330003
2264635847
1224941885
6118391915
1632067682
1008640601
1271366733
1695401162
6284509007
1435905957
1285225304
1650093187
1247848295
1093289764
5319836265
1579831193
7512615128
1275602030
3972729684
1273553751
1112928761
1661909073
7517947352
1617238503
1681841900
1075556514
1577096802
1101928651
7038792573
1051292340
1697828672
1256363904
1506263864
3977676625
1214455430
1347322121
1067459873
2128372947
1221228832
5960437549
5371249259
1286293690
1791440130
2728749874
1107992540
1664328072
6444537222
1109845441
1074822214
5611061334
1999797901
1424141433
2036161077
1577794853
6033325143
1407130812
1100483814
1280581912
6585245516
1657811073
1476067807
1303834011
1368785985
5489765072
1595780944
6804728087
1497305883
1692900853
1630426587
1006657733
1221918363
1807715644
1230801857
1179198244
5570283618
1888781280
5554962197
2078072110
2482816377
1234139431
1145220862
1861477054
1888415301
1761674665
2660439401
2199841250
7522215527
3608774212
1650382703
1559520300
1320153481
1100001644
1591336454
2189497122
1370850505
1690185215
1653143287
1411308225
1632155184
1236306331
1043604822
7276195549
7795833458
6435242199
1370348595
5532347313
3209967147
3519697541
3675736060
1630373525
1574597861
1654701522
5653416257
3628871824
1268941197
1198897315
1659126972
1466623433
1356658417
1134411033
1403418835
1221684892
1599589333
5333693607
1504398223
1444114971
3049717301
1283001213
1600463082
1568295392
1416711183
7411822184
1600192452
1089314290
1789086625
1265281283
1215208533
7296259464
1110811607
1161404715
1944375784
1278592557
1166013142
1234865357
1212560101
1288328000
5370248051
5384771805
3163693955
1199816942
1146272044
1280289893
1455153401
1738597333
1617088320
1597058413
1412840192
1095113683
1094415794
1631886820
1432163715
1551631093
5637506217
7365784602
1562273464
1160715864
1264903277
1841017701
1262830097
1031054022
1553177803
1011425537
1168641102
5086160970
5678690954
1407295172
1906856481
6517802865
1060239831
1653187584
5227820733
1649228787
5822570862
1650434491
1623404035
7440341419
1224900857
1303241892
6544640629
1638974654
7772937710
1595247321
1409194012
6427263349
1171326193
1107368507
1163390501
1818950785
1677833577
3825828234
5280953479
1681796181
5057328246
1427003547
1672317570
1344592244
2510980482
1567659565
6511558252
1630408992
1300888991
1635386337
1218346612
3054302093
1368961974
1618819632
1196608284
1720464350
1413320982
5885526534
1205073895
1448589414
1863031164
1179737915
1229253383
7561300404
1293758223
1662908172
1614519021
1239895335
7304263679
1212026702
5577284446
1450254785
1393202693
1181108504
1715519863
3167462347
1408734653
1244850243
1650926392
1065476310
1082142754
1912923971
1162278212
5688730567
1216863843
6572756723
1410064433
1653725387
1390566463
1289272551
1343707861
1428088854
1181393940
6379236056
1197949071
2095252841
1320958654
5075336185
1593405037
1225234893
1688383542
